+-------+-----+-----+-----+-----+-----+--------+--------------------+--------+--------+---------+--------+--------+--------+--------+--------+-------------+-------------+-------------+-------------+
| COUNT | 1XX | 2XX | 3XX | 4XX | 5XX | METHOD |        URI         |  MIN   |  MAX   |   SUM   |  AVG   |  P90   |  P95   |  P99   | STDDEV |  MIN(BODY)  |  MAX(BODY)  |  SUM(BODY)  |  AVG(BODY)  |
+-------+-----+-----+-----+-----+-----+--------+--------------------+--------+--------+---------+--------+--------+--------+--------+--------+-------------+-------------+-------------+-------------+
| 61    | 0   | 7   | 0   | 54  | 0   | GET    | /                  | 1.232  | 10.008 | 546.459 | 8.958  | 10.008 | 10.008 | 10.008 | 2.780  | 0.000       | 6038.000    | 41192.000   | 675.279     |
| 2     | 0   | 0   | 0   | 2   | 0   | GET    | /@dorothea         | 10.000 | 10.000 | 20.000  | 10.000 | 10.000 | 10.000 | 10.000 | 0.000  | 0.000       | 0.000       | 0.000       | 0.000       |
| 1     | 0   | 0   | 0   | 1   | 0   | GET    | /@adeline          | 10.000 | 10.000 | 10.000  | 10.000 | 10.000 | 10.000 | 10.000 | 0.000  | 0.000       | 0.000       | 0.000       | 0.000       |
| 1     | 0   | 0   | 0   | 1   | 0   | GET    | /@constance        | 10.000 | 10.000 | 10.000  | 10.000 | 10.000 | 10.000 | 10.000 | 0.000  | 0.000       | 0.000       | 0.000       | 0.000       |
| 1     | 0   | 0   | 0   | 1   | 0   | GET    | /@rosalinda        | 10.000 | 10.000 | 10.000  | 10.000 | 10.000 | 10.000 | 10.000 | 0.000  | 0.000       | 0.000       | 0.000       | 0.000       |
| 1     | 0   | 0   | 0   | 1   | 0   | GET    | /@ana              | 10.000 | 10.000 | 10.000  | 10.000 | 10.000 | 10.000 | 10.000 | 0.000  | 0.000       | 0.000       | 0.000       | 0.000       |
| 1     | 0   | 0   | 0   | 1   | 0   | GET    | /@kasey            | 10.000 | 10.000 | 10.000  | 10.000 | 10.000 | 10.000 | 10.000 | 0.000  | 0.000       | 0.000       | 0.000       | 0.000       |
| 1     | 0   | 0   | 0   | 1   | 0   | GET    | /@janet            | 10.000 | 10.000 | 10.000  | 10.000 | 10.000 | 10.000 | 10.000 | 0.000  | 0.000       | 0.000       | 0.000       | 0.000       |
| 1     | 0   | 0   | 0   | 1   | 0   | GET    | /@susanne          | 10.000 | 10.000 | 10.000  | 10.000 | 10.000 | 10.000 | 10.000 | 0.000  | 0.000       | 0.000       | 0.000       | 0.000       |
| 1     | 0   | 0   | 0   | 1   | 0   | GET    | /@madeline         | 10.000 | 10.000 | 10.000  | 10.000 | 10.000 | 10.000 | 10.000 | 0.000  | 0.000       | 0.000       | 0.000       | 0.000       |
| 1     | 0   | 1   | 0   | 0   | 0   | GET    | /@janette          | 6.016  | 6.016  | 6.016   | 6.016  | 6.016  | 6.016  | 6.016  | 0.000  | 2777.000    | 2777.000    | 2777.000    | 2777.000    |
| 1     | 0   | 1   | 0   | 0   | 0   | GET    | /@marian           | 5.080  | 5.080  | 5.080   | 5.080  | 5.080  | 5.080  | 5.080  | 0.000  | 2581.000    | 2581.000    | 2581.000    | 2581.000    |
| 58    | 0   | 0   | 58  | 0   | 0   | POST   | /login             | 0.020  | 0.364  | 3.716   | 0.064  | 0.188  | 0.316  | 0.364  | 0.084  | 0.000       | 0.000       | 0.000       | 0.000       |
| 1     | 0   | 1   | 0   | 0   | 0   | GET    | /posts/1316        | 1.088  | 1.088  | 1.088   | 1.088  | 1.088  | 1.088  | 1.088  | 0.000  | 1365.000    | 1365.000    | 1365.000    | 1365.000    |
| 1     | 0   | 1   | 0   | 0   | 0   | GET    | /posts/324         | 0.732  | 0.732  | 0.732   | 0.732  | 0.732  | 0.732  | 0.732  | 0.000  | 1312.000    | 1312.000    | 1312.000    | 1312.000    |
| 1     | 0   | 1   | 0   | 0   | 0   | GET    | /posts/3843        | 0.708  | 0.708  | 0.708   | 0.708  | 0.708  | 0.708  | 0.708  | 0.000  | 1413.000    | 1413.000    | 1413.000    | 1413.000    |
| 1     | 0   | 1   | 0   | 0   | 0   | GET    | /posts/2628        | 0.695  | 0.695  | 0.695   | 0.695  | 0.695  | 0.695  | 0.695  | 0.000  | 1524.000    | 1524.000    | 1524.000    | 1524.000    |
| 1     | 0   | 1   | 0   | 0   | 0   | GET    | /posts/1664        | 0.688  | 0.688  | 0.688   | 0.688  | 0.688  | 0.688  | 0.688  | 0.000  | 1181.000    | 1181.000    | 1181.000    | 1181.000    |
| 1     | 0   | 1   | 0   | 0   | 0   | GET    | /posts/5785        | 0.680  | 0.680  | 0.680   | 0.680  | 0.680  | 0.680  | 0.680  | 0.000  | 1203.000    | 1203.000    | 1203.000    | 1203.000    |
| 1     | 0   | 1   | 0   | 0   | 0   | GET    | /posts/9937        | 0.676  | 0.676  | 0.676   | 0.676  | 0.676  | 0.676  | 0.676  | 0.000  | 1551.000    | 1551.000    | 1551.000    | 1551.000    |
| 1     | 0   | 1   | 0   | 0   | 0   | GET    | /posts/874         | 0.668  | 0.668  | 0.668   | 0.668  | 0.668  | 0.668  | 0.668  | 0.000  | 1399.000    | 1399.000    | 1399.000    | 1399.000    |
| 1     | 0   | 1   | 0   | 0   | 0   | GET    | /posts/1652        | 0.664  | 0.664  | 0.664   | 0.664  | 0.664  | 0.664  | 0.664  | 0.000  | 1112.000    | 1112.000    | 1112.000    | 1112.000    |
| 1     | 0   | 1   | 0   | 0   | 0   | GET    | /posts/6972        | 0.663  | 0.663  | 0.663   | 0.663  | 0.663  | 0.663  | 0.663  | 0.000  | 1118.000    | 1118.000    | 1118.000    | 1118.000    |
| 1     | 0   | 1   | 0   | 0   | 0   | GET    | /posts/3010        | 0.656  | 0.656  | 0.656   | 0.656  | 0.656  | 0.656  | 0.656  | 0.000  | 1370.000    | 1370.000    | 1370.000    | 1370.000    |
| 1     | 0   | 1   | 0   | 0   | 0   | GET    | /posts/6299        | 0.656  | 0.656  | 0.656   | 0.656  | 0.656  | 0.656  | 0.656  | 0.000  | 1226.000    | 1226.000    | 1226.000    | 1226.000    |
| 1     | 0   | 1   | 0   | 0   | 0   | GET    | /posts/9457        | 0.632  | 0.632  | 0.632   | 0.632  | 0.632  | 0.632  | 0.632  | 0.000  | 1258.000    | 1258.000    | 1258.000    | 1258.000    |
| 1     | 0   | 1   | 0   | 0   | 0   | GET    | /@claudine         | 0.308  | 0.308  | 0.308   | 0.308  | 0.308  | 0.308  | 0.308  | 0.000  | 2245.000    | 2245.000    | 2245.000    | 2245.000    |
| 4     | 0   | 0   | 4   | 0   | 0   | POST   | /register          | 0.012  | 0.076  | 0.232   | 0.058  | 0.076  | 0.076  | 0.076  | 0.027  | 0.000       | 0.000       | 0.000       | 0.000       |
| 2     | 0   | 0   | 1   | 1   | 0   | POST   | /                  | 0.000  | 0.164  | 0.164   | 0.082  | 0.164  | 0.164  | 0.164  | 0.082  | 0.000       | 0.000       | 0.000       | 0.000       |
| 2     | 0   | 2   | 0   | 0   | 0   | GET    | /image/3843.jpg    | 0.000  | 0.128  | 0.128   | 0.064  | 0.128  | 0.128  | 0.128  | 0.064  | 62994.000   | 63024.000   | 126018.000  | 63009.000   |
| 2     | 0   | 2   | 0   | 0   | 0   | GET    | /image/6299.jpg    | 0.000  | 0.124  | 0.124   | 0.062  | 0.124  | 0.124  | 0.124  | 0.062  | 83954.000   | 83976.000   | 167930.000  | 83965.000   |
| 1     | 0   | 1   | 0   | 0   | 0   | GET    | /image/1219.jpg    | 0.120  | 0.120  | 0.120   | 0.120  | 0.120  | 0.120  | 0.120  | 0.000  | 77084.000   | 77084.000   | 77084.000   | 77084.000   |
| 2     | 0   | 2   | 0   | 0   | 0   | GET    | /image/1664.jpg    | 0.000  | 0.076  | 0.076   | 0.038  | 0.076  | 0.076  | 0.076  | 0.038  | 68762.000   | 68792.000   | 137554.000  | 68777.000   |
| 1     | 0   | 1   | 0   | 0   | 0   | GET    | /posts/7434        | 0.064  | 0.064  | 0.064   | 0.064  | 0.064  | 0.064  | 0.064  | 0.000  | 1667.000    | 1667.000    | 1667.000    | 1667.000    |
| 1     | 0   | 1   | 0   | 0   | 0   | GET    | /posts/10012       | 0.060  | 0.060  | 0.060   | 0.060  | 0.060  | 0.060  | 0.060  | 0.000  | 797.000     | 797.000     | 797.000     | 797.000     |
| 1     | 0   | 1   | 0   | 0   | 0   | GET    | /initialize        | 0.036  | 0.036  | 0.036   | 0.036  | 0.036  | 0.036  | 0.036  | 0.000  | 0.000       | 0.000       | 0.000       | 0.000       |
| 26    | 0   | 26  | 0   | 0   | 0   | GET    | /login             | 0.000  | 0.020  | 0.032   | 0.001  | 0.004  | 0.004  | 0.020  | 0.004  | 615.000     | 615.000     | 15990.000   | 615.000     |
| 2     | 0   | 2   | 0   | 0   | 0   | GET    | /image/9937.jpg    | 0.004  | 0.016  | 0.020   | 0.010  | 0.016  | 0.016  | 0.016  | 0.006  | 126616.000  | 126623.000  | 253239.000  | 126619.500  |
| 2     | 0   | 2   | 0   | 0   | 0   | GET    | /image/324.jpg     | 0.016  | 0.016  | 0.016   | 0.008  | 0.016  | 0.016  | 0.016  | 0.008  | 55264.000   | 55286.000   | 110550.000  | 55275.000   |
| 2     | 0   | 2   | 0   | 0   | 0   | GET    | /image/1652.jpg    | 0.000  | 0.012  | 0.012   | 0.006  | 0.012  | 0.012  | 0.012  | 0.006  | 98110.000   | 98110.000   | 196220.000  | 98110.000   |
| 3     | 0   | 3   | 0   | 0   | 0   | GET    | /image/10012.png   | 0.004  | 0.004  | 0.012   | 0.004  | 0.004  | 0.004  | 0.004  | 0.000  | 902412.000  | 903018.000  | 2707843.000 | 902614.333  |
| 2     | 0   | 2   | 0   | 0   | 0   | GET    | /image/2628.gif    | 0.004  | 0.008  | 0.012   | 0.006  | 0.008  | 0.008  | 0.008  | 0.002  | 511920.000  | 512094.000  | 1024014.000 | 512007.000  |
| 2     | 0   | 2   | 0   | 0   | 0   | GET    | /image/3010.jpg    | 0.000  | 0.008  | 0.008   | 0.004  | 0.008  | 0.008  | 0.008  | 0.004  | 89273.000   | 89280.000   | 178553.000  | 89276.500   |
| 1     | 0   | 1   | 0   | 0   | 0   | GET    | /image/926.jpg     | 0.008  | 0.008  | 0.008   | 0.008  | 0.008  | 0.008  | 0.008  | 0.000  | 246878.000  | 246878.000  | 246878.000  | 246878.000  |
| 1     | 0   | 0   | 1   | 0   | 0   | POST   | /comment           | 0.008  | 0.008  | 0.008   | 0.008  | 0.008  | 0.008  | 0.008  | 0.000  | 0.000       | 0.000       | 0.000       | 0.000       |
| 2     | 0   | 2   | 0   | 0   | 0   | GET    | /image/10000.png   | 0.004  | 0.004  | 0.008   | 0.004  | 0.004  | 0.004  | 0.004  | 0.000  | 1057787.000 | 1057873.000 | 2115660.000 | 1057830.000 |
| 2     | 0   | 2   | 0   | 0   | 0   | GET    | /image/9457.jpg    | 0.004  | 0.004  | 0.008   | 0.004  | 0.004  | 0.004  | 0.004  | 0.000  | 88743.000   | 88750.000   | 177493.000  | 88746.500   |
| 2     | 0   | 2   | 0   | 0   | 0   | GET    | /image/874.jpg     | 0.004  | 0.004  | 0.008   | 0.004  | 0.004  | 0.004  | 0.004  | 0.000  | 272369.000  | 272369.000  | 544738.000  | 272369.000  |
| 2     | 0   | 2   | 0   | 0   | 0   | GET    | /image/9996.jpg    | 0.000  | 0.004  | 0.004   | 0.002  | 0.004  | 0.004  | 0.004  | 0.002  | 375224.000  | 375224.000  | 750448.000  | 375224.000  |
| 17    | 0   | 17  | 0   | 0   | 0   | GET    | /favicon.ico       | 0.000  | 0.004  | 0.004   | 0.000  | 0.000  | 0.004  | 0.004  | 0.001  | 43.000      | 43.000      | 731.000     | 43.000      |
| 2     | 0   | 2   | 0   | 0   | 0   | GET    | /image/9988.jpg    | 0.000  | 0.004  | 0.004   | 0.002  | 0.004  | 0.004  | 0.004  | 0.002  | 111639.000  | 111647.000  | 223286.000  | 111643.000  |
| 2     | 0   | 2   | 0   | 0   | 0   | GET    | /image/1316.jpg    | 0.000  | 0.004  | 0.004   | 0.002  | 0.004  | 0.004  | 0.004  | 0.002  | 81114.000   | 81114.000   | 162228.000  | 81114.000   |
| 17    | 0   | 17  | 0   | 0   | 0   | GET    | /js/timeago.min.js | 0.000  | 0.004  | 0.004   | 0.000  | 0.000  | 0.004  | 0.004  | 0.001  | 1915.000    | 1915.000    | 32555.000   | 1915.000    |
| 17    | 0   | 17  | 0   | 0   | 0   | GET    | /css/style.css     | 0.000  | 0.004  | 0.004   | 0.000  | 0.000  | 0.004  | 0.004  | 0.001  | 1549.000    | 1549.000    | 26333.000   | 1549.000    |
| 2     | 0   | 2   | 0   | 0   | 0   | GET    | /image/9998.jpg    | 0.000  | 0.004  | 0.004   | 0.002  | 0.004  | 0.004  | 0.004  | 0.002  | 61732.000   | 61739.000   | 123471.000  | 61735.500   |
| 2     | 0   | 2   | 0   | 0   | 0   | GET    | /image/6972.jpg    | 0.000  | 0.004  | 0.004   | 0.002  | 0.004  | 0.004  | 0.004  | 0.002  | 89045.000   | 89045.000   | 178090.000  | 89045.000   |
| 2     | 0   | 2   | 0   | 0   | 0   | GET    | /image/9993.jpg    | 0.004  | 0.004  | 0.004   | 0.002  | 0.004  | 0.004  | 0.004  | 0.002  | 85630.000   | 85638.000   | 171268.000  | 85634.000   |
| 2     | 0   | 2   | 0   | 0   | 0   | GET    | /image/9995.jpg    | 0.004  | 0.004  | 0.004   | 0.002  | 0.004  | 0.004  | 0.004  | 0.002  | 123488.000  | 123496.000  | 246984.000  | 123492.000  |
| 1     | 0   | 0   | 1   | 0   | 0   | GET    | /logout            | 0.000  | 0.000  | 0.000   | 0.000  | 0.000  | 0.000  | 0.000  | 0.000  | 24.000      | 24.000      | 24.000      | 24.000      |
| 2     | 0   | 2   | 0   | 0   | 0   | GET    | /image/9999.jpg    | 0.000  | 0.000  | 0.000   | 0.000  | 0.000  | 0.000  | 0.000  | 0.000  | 90020.000   | 90020.000   | 180040.000  | 90020.000   |
| 2     | 0   | 2   | 0   | 0   | 0   | GET    | /image/9994.jpg    | 0.000  | 0.000  | 0.000   | 0.000  | 0.000  | 0.000  | 0.000  | 0.000  | 105239.000  | 105246.000  | 210485.000  | 105242.500  |
| 2     | 0   | 2   | 0   | 0   | 0   | GET    | /image/9990.jpg    | 0.000  | 0.000  | 0.000   | 0.000  | 0.000  | 0.000  | 0.000  | 0.000  | 102456.000  | 102463.000  | 204919.000  | 102459.500  |
| 2     | 0   | 2   | 0   | 0   | 0   | GET    | /image/9986.jpg    | 0.000  | 0.000  | 0.000   | 0.000  | 0.000  | 0.000  | 0.000  | 0.000  | 86716.000   | 86731.000   | 173447.000  | 86723.500   |
| 2     | 0   | 2   | 0   | 0   | 0   | GET    | /image/9989.jpg    | 0.000  | 0.000  | 0.000   | 0.000  | 0.000  | 0.000  | 0.000  | 0.000  | 107552.000  | 107583.000  | 215135.000  | 107567.500  |
| 2     | 0   | 2   | 0   | 0   | 0   | GET    | /image/5785.jpg    | 0.000  | 0.000  | 0.000   | 0.000  | 0.000  | 0.000  | 0.000  | 0.000  | 119886.000  | 119886.000  | 239772.000  | 119886.000  |
| 1     | 0   | 0   | 0   | 1   | 0   | GET    | /admin/banned      | 0.000  | 0.000  | 0.000   | 0.000  | 0.000  | 0.000  | 0.000  | 0.000  | 0.000       | 0.000       | 0.000       | 0.000       |
| 2     | 0   | 2   | 0   | 0   | 0   | GET    | /image/9997.jpg    | 0.000  | 0.000  | 0.000   | 0.000  | 0.000  | 0.000  | 0.000  | 0.000  | 176607.000  | 176608.000  | 353215.000  | 176607.500  |
| 2     | 0   | 2   | 0   | 0   | 0   | GET    | /image/9991.jpg    | 0.000  | 0.000  | 0.000   | 0.000  | 0.000  | 0.000  | 0.000  | 0.000  | 153637.000  | 153644.000  | 307281.000  | 153640.500  |
| 17    | 0   | 17  | 0   | 0   | 0   | GET    | /js/main.js        | 0.000  | 0.000  | 0.000   | 0.000  | 0.000  | 0.000  | 0.000  | 0.000  | 1824.000    | 1824.000    | 31008.000   | 1824.000    |
| 2     | 0   | 2   | 0   | 0   | 0   | GET    | /image/9980.jpg    | 0.000  | 0.000  | 0.000   | 0.000  | 0.000  | 0.000  | 0.000  | 0.000  | 96003.000   | 96011.000   | 192014.000  | 96007.000   |
| 2     | 0   | 2   | 0   | 0   | 0   | GET    | /image/9981.jpg    | 0.000  | 0.000  | 0.000   | 0.000  | 0.000  | 0.000  | 0.000  | 0.000  | 81479.000   | 81485.000   | 162964.000  | 81482.000   |
| 2     | 0   | 2   | 0   | 0   | 0   | GET    | /image/9982.jpg    | 0.000  | 0.000  | 0.000   | 0.000  | 0.000  | 0.000  | 0.000  | 0.000  | 150045.000  | 150046.000  | 300091.000  | 150045.500  |
| 2     | 0   | 2   | 0   | 0   | 0   | GET    | /image/9983.jpg    | 0.000  | 0.000  | 0.000   | 0.000  | 0.000  | 0.000  | 0.000  | 0.000  | 98174.000   | 98197.000   | 196371.000  | 98185.500   |
| 2     | 0   | 2   | 0   | 0   | 0   | GET    | /image/9985.jpg    | 0.000  | 0.000  | 0.000   | 0.000  | 0.000  | 0.000  | 0.000  | 0.000  | 83371.000   | 83371.000   | 166742.000  | 83371.000   |
| 2     | 0   | 2   | 0   | 0   | 0   | GET    | /image/9987.jpg    | 0.000  | 0.000  | 0.000   | 0.000  | 0.000  | 0.000  | 0.000  | 0.000  | 367776.000  | 367799.000  | 735575.000  | 367787.500  |
+-------+-----+-----+-----+-----+-----+--------+--------------------+--------+--------+---------+--------+--------+--------+--------+--------+-------------+-------------+-------------+-------------+
