+-------+-----+-----+-----+-----+-----+--------+--------------------+--------+--------+---------+--------+--------+--------+--------+--------+-------------+-------------+-------------+-------------+
| COUNT | 1XX | 2XX | 3XX | 4XX | 5XX | METHOD |        URI         |  MIN   |  MAX   |   SUM   |  AVG   |  P90   |  P95   |  P99   | STDDEV |  MIN(BODY)  |  MAX(BODY)  |  SUM(BODY)  |  AVG(BODY)  |
+-------+-----+-----+-----+-----+-----+--------+--------------------+--------+--------+---------+--------+--------+--------+--------+--------+-------------+-------------+-------------+-------------+
| 61    | 0   | 7   | 0   | 54  | 0   | GET    | /                  | 1.224  | 10.008 | 546.727 | 8.963  | 10.008 | 10.008 | 10.008 | 2.785  | 0.000       | 6042.000    | 41354.000   | 677.934     |
| 2     | 0   | 2   | 0   | 0   | 0   | GET    | /@marjorie         | 0.472  | 9.984  | 10.456  | 5.228  | 9.984  | 9.984  | 9.984  | 4.756  | 2755.000    | 2850.000    | 5605.000    | 2802.500    |
| 1     | 0   | 0   | 0   | 1   | 0   | GET    | /@joann            | 10.000 | 10.000 | 10.000  | 10.000 | 10.000 | 10.000 | 10.000 | 0.000  | 0.000       | 0.000       | 0.000       | 0.000       |
| 1     | 0   | 0   | 0   | 1   | 0   | GET    | /@liz              | 10.000 | 10.000 | 10.000  | 10.000 | 10.000 | 10.000 | 10.000 | 0.000  | 0.000       | 0.000       | 0.000       | 0.000       |
| 1     | 0   | 0   | 0   | 1   | 0   | GET    | /@terrie           | 10.000 | 10.000 | 10.000  | 10.000 | 10.000 | 10.000 | 10.000 | 0.000  | 0.000       | 0.000       | 0.000       | 0.000       |
| 1     | 0   | 0   | 0   | 1   | 0   | GET    | /@bernadine        | 10.000 | 10.000 | 10.000  | 10.000 | 10.000 | 10.000 | 10.000 | 0.000  | 0.000       | 0.000       | 0.000       | 0.000       |
| 1     | 0   | 0   | 0   | 1   | 0   | GET    | /@ruthie           | 10.000 | 10.000 | 10.000  | 10.000 | 10.000 | 10.000 | 10.000 | 0.000  | 0.000       | 0.000       | 0.000       | 0.000       |
| 1     | 0   | 0   | 0   | 1   | 0   | GET    | /@sally            | 10.000 | 10.000 | 10.000  | 10.000 | 10.000 | 10.000 | 10.000 | 0.000  | 0.000       | 0.000       | 0.000       | 0.000       |
| 1     | 0   | 0   | 0   | 1   | 0   | GET    | /@carlene          | 10.000 | 10.000 | 10.000  | 10.000 | 10.000 | 10.000 | 10.000 | 0.000  | 0.000       | 0.000       | 0.000       | 0.000       |
| 1     | 0   | 0   | 0   | 1   | 0   | GET    | /@willie           | 10.000 | 10.000 | 10.000  | 10.000 | 10.000 | 10.000 | 10.000 | 0.000  | 0.000       | 0.000       | 0.000       | 0.000       |
| 1     | 0   | 0   | 0   | 1   | 0   | GET    | /@elise            | 9.996  | 9.996  | 9.996   | 9.996  | 9.996  | 9.996  | 9.996  | 0.000  | 0.000       | 0.000       | 0.000       | 0.000       |
| 1     | 0   | 1   | 0   | 0   | 0   | GET    | /@patty            | 9.699  | 9.699  | 9.699   | 9.699  | 9.699  | 9.699  | 9.699  | 0.000  | 4029.000    | 4029.000    | 4029.000    | 4029.000    |
| 1     | 0   | 1   | 0   | 0   | 0   | GET    | /@katelyn          | 7.563  | 7.563  | 7.563   | 7.563  | 7.563  | 7.563  | 7.563  | 0.000  | 3534.000    | 3534.000    | 3534.000    | 3534.000    |
| 58    | 0   | 0   | 58  | 0   | 0   | POST   | /login             | 0.020  | 0.352  | 3.228   | 0.056  | 0.164  | 0.256  | 0.352  | 0.071  | 0.000       | 0.000       | 0.000       | 0.000       |
| 2     | 0   | 2   | 0   | 0   | 0   | GET    | /posts/8814        | 0.056  | 1.400  | 1.456   | 0.728  | 1.400  | 1.400  | 1.400  | 0.672  | 1445.000    | 1511.000    | 2956.000    | 1478.000    |
| 1     | 0   | 1   | 0   | 0   | 0   | GET    | /posts/9363        | 1.096  | 1.096  | 1.096   | 1.096  | 1.096  | 1.096  | 1.096  | 0.000  | 1220.000    | 1220.000    | 1220.000    | 1220.000    |
| 1     | 0   | 1   | 0   | 0   | 0   | GET    | /posts/7821        | 0.648  | 0.648  | 0.648   | 0.648  | 0.648  | 0.648  | 0.648  | 0.000  | 1590.000    | 1590.000    | 1590.000    | 1590.000    |
| 1     | 0   | 1   | 0   | 0   | 0   | GET    | /posts/8358        | 0.648  | 0.648  | 0.648   | 0.648  | 0.648  | 0.648  | 0.648  | 0.000  | 1474.000    | 1474.000    | 1474.000    | 1474.000    |
| 1     | 0   | 1   | 0   | 0   | 0   | GET    | /posts/8324        | 0.644  | 0.644  | 0.644   | 0.644  | 0.644  | 0.644  | 0.644  | 0.000  | 1353.000    | 1353.000    | 1353.000    | 1353.000    |
| 4     | 0   | 0   | 4   | 0   | 0   | POST   | /register          | 0.012  | 0.104  | 0.276   | 0.069  | 0.104  | 0.104  | 0.104  | 0.037  | 0.000       | 0.000       | 0.000       | 0.000       |
| 2     | 0   | 2   | 0   | 0   | 0   | GET    | /image/8358.png    | 0.004  | 0.156  | 0.160   | 0.080  | 0.156  | 0.156  | 0.156  | 0.076  | 713937.000  | 714279.000  | 1428216.000 | 714108.000  |
| 1     | 0   | 1   | 0   | 0   | 0   | GET    | /image/7055.jpg    | 0.156  | 0.156  | 0.156   | 0.156  | 0.156  | 0.156  | 0.156  | 0.000  | 164699.000  | 164699.000  | 164699.000  | 164699.000  |
| 1     | 0   | 1   | 0   | 0   | 0   | GET    | /image/4510.jpg    | 0.120  | 0.120  | 0.120   | 0.120  | 0.120  | 0.120  | 0.120  | 0.000  | 113011.000  | 113011.000  | 113011.000  | 113011.000  |
| 1     | 0   | 1   | 0   | 0   | 0   | GET    | /image/4741.jpg    | 0.108  | 0.108  | 0.108   | 0.108  | 0.108  | 0.108  | 0.108  | 0.000  | 76760.000   | 76760.000   | 76760.000   | 76760.000   |
| 1     | 0   | 1   | 0   | 0   | 0   | GET    | /image/7954.jpg    | 0.092  | 0.092  | 0.092   | 0.092  | 0.092  | 0.092  | 0.092  | 0.000  | 64211.000   | 64211.000   | 64211.000   | 64211.000   |
| 1     | 0   | 1   | 0   | 0   | 0   | GET    | /image/7417.jpg    | 0.092  | 0.092  | 0.092   | 0.092  | 0.092  | 0.092  | 0.092  | 0.000  | 94527.000   | 94527.000   | 94527.000   | 94527.000   |
| 2     | 0   | 2   | 0   | 0   | 0   | GET    | /image/8324.jpg    | 0.000  | 0.084  | 0.084   | 0.042  | 0.084  | 0.084  | 0.084  | 0.042  | 65925.000   | 65956.000   | 131881.000  | 65940.500   |
| 1     | 0   | 1   | 0   | 0   | 0   | GET    | /image/8832.jpg    | 0.080  | 0.080  | 0.080   | 0.080  | 0.080  | 0.080  | 0.080  | 0.000  | 84159.000   | 84159.000   | 84159.000   | 84159.000   |
| 2     | 0   | 2   | 0   | 0   | 0   | GET    | /image/9363.jpg    | 0.000  | 0.072  | 0.072   | 0.036  | 0.072  | 0.072  | 0.072  | 0.036  | 71202.000   | 71240.000   | 142442.000  | 71221.000   |
| 1     | 0   | 1   | 0   | 0   | 0   | GET    | /image/761.jpg     | 0.068  | 0.068  | 0.068   | 0.068  | 0.068  | 0.068  | 0.068  | 0.000  | 63791.000   | 63791.000   | 63791.000   | 63791.000   |
| 1     | 0   | 1   | 0   | 0   | 0   | GET    | /posts/10011       | 0.056  | 0.056  | 0.056   | 0.056  | 0.056  | 0.056  | 0.056  | 0.000  | 818.000     | 818.000     | 818.000     | 818.000     |
| 1     | 0   | 1   | 0   | 0   | 0   | GET    | /initialize        | 0.036  | 0.036  | 0.036   | 0.036  | 0.036  | 0.036  | 0.036  | 0.000  | 0.000       | 0.000       | 0.000       | 0.000       |
| 26    | 0   | 26  | 0   | 0   | 0   | GET    | /login             | 0.000  | 0.008  | 0.028   | 0.001  | 0.004  | 0.004  | 0.008  | 0.002  | 615.000     | 615.000     | 15990.000   | 615.000     |
| 1     | 0   | 1   | 0   | 0   | 0   | GET    | /image/4475.jpg    | 0.028  | 0.028  | 0.028   | 0.028  | 0.028  | 0.028  | 0.028  | 0.000  | 49531.000   | 49531.000   | 49531.000   | 49531.000   |
| 1     | 0   | 1   | 0   | 0   | 0   | GET    | /image/1044.jpg    | 0.024  | 0.024  | 0.024   | 0.024  | 0.024  | 0.024  | 0.024  | 0.000  | 65626.000   | 65626.000   | 65626.000   | 65626.000   |
| 2     | 0   | 0   | 1   | 1   | 0   | POST   | /                  | 0.004  | 0.012  | 0.016   | 0.008  | 0.012  | 0.012  | 0.012  | 0.004  | 0.000       | 0.000       | 0.000       | 0.000       |
| 1     | 0   | 0   | 1   | 0   | 0   | POST   | /comment           | 0.008  | 0.008  | 0.008   | 0.008  | 0.008  | 0.008  | 0.008  | 0.000  | 0.000       | 0.000       | 0.000       | 0.000       |
| 1     | 0   | 1   | 0   | 0   | 0   | GET    | /image/6771.jpg    | 0.004  | 0.004  | 0.004   | 0.004  | 0.004  | 0.004  | 0.004  | 0.000  | 277984.000  | 277984.000  | 277984.000  | 277984.000  |
| 1     | 0   | 1   | 0   | 0   | 0   | GET    | /image/5136.jpg    | 0.004  | 0.004  | 0.004   | 0.004  | 0.004  | 0.004  | 0.004  | 0.000  | 88222.000   | 88222.000   | 88222.000   | 88222.000   |
| 2     | 0   | 2   | 0   | 0   | 0   | GET    | /image/7821.jpg    | 0.000  | 0.004  | 0.004   | 0.002  | 0.004  | 0.004  | 0.004  | 0.002  | 83784.000   | 83806.000   | 167590.000  | 83795.000   |
| 2     | 0   | 2   | 0   | 0   | 0   | GET    | /image/9980.jpg    | 0.000  | 0.004  | 0.004   | 0.002  | 0.004  | 0.004  | 0.004  | 0.002  | 96003.000   | 96011.000   | 192014.000  | 96007.000   |
| 10    | 0   | 10  | 0   | 0   | 0   | GET    | /favicon.ico       | 0.000  | 0.004  | 0.004   | 0.000  | 0.000  | 0.004  | 0.004  | 0.001  | 43.000      | 43.000      | 430.000     | 43.000      |
| 2     | 0   | 2   | 0   | 0   | 0   | GET    | /image/10000.png   | 0.000  | 0.004  | 0.004   | 0.002  | 0.004  | 0.004  | 0.004  | 0.002  | 1057122.000 | 1057873.000 | 2114995.000 | 1057497.500 |
| 2     | 0   | 2   | 0   | 0   | 0   | GET    | /image/9982.jpg    | 0.004  | 0.004  | 0.004   | 0.002  | 0.004  | 0.004  | 0.004  | 0.002  | 150046.000  | 150053.000  | 300099.000  | 150049.500  |
| 2     | 0   | 2   | 0   | 0   | 0   | GET    | /image/9998.jpg    | 0.004  | 0.004  | 0.004   | 0.002  | 0.004  | 0.004  | 0.004  | 0.002  | 61732.000   | 61739.000   | 123471.000  | 61735.500   |
| 1     | 0   | 1   | 0   | 0   | 0   | GET    | /image/355.jpg     | 0.004  | 0.004  | 0.004   | 0.004  | 0.004  | 0.004  | 0.004  | 0.000  | 53268.000   | 53268.000   | 53268.000   | 53268.000   |
| 1     | 0   | 1   | 0   | 0   | 0   | GET    | /image/554.jpg     | 0.004  | 0.004  | 0.004   | 0.004  | 0.004  | 0.004  | 0.004  | 0.000  | 82493.000   | 82493.000   | 82493.000   | 82493.000   |
| 1     | 0   | 1   | 0   | 0   | 0   | GET    | /image/125.jpg     | 0.004  | 0.004  | 0.004   | 0.004  | 0.004  | 0.004  | 0.004  | 0.000  | 303224.000  | 303224.000  | 303224.000  | 303224.000  |
| 1     | 0   | 1   | 0   | 0   | 0   | GET    | /image/3411.jpg    | 0.004  | 0.004  | 0.004   | 0.004  | 0.004  | 0.004  | 0.004  | 0.000  | 66098.000   | 66098.000   | 66098.000   | 66098.000   |
| 1     | 0   | 1   | 0   | 0   | 0   | GET    | /image/5018.jpg    | 0.004  | 0.004  | 0.004   | 0.004  | 0.004  | 0.004  | 0.004  | 0.000  | 106185.000  | 106185.000  | 106185.000  | 106185.000  |
| 1     | 0   | 1   | 0   | 0   | 0   | GET    | /image/7712.jpg    | 0.004  | 0.004  | 0.004   | 0.004  | 0.004  | 0.004  | 0.004  | 0.000  | 70126.000   | 70126.000   | 70126.000   | 70126.000   |
| 2     | 0   | 2   | 0   | 0   | 0   | GET    | /image/9988.jpg    | 0.000  | 0.004  | 0.004   | 0.002  | 0.004  | 0.004  | 0.004  | 0.002  | 111647.000  | 111647.000  | 223294.000  | 111647.000  |
| 1     | 0   | 1   | 0   | 0   | 0   | GET    | /image/9009.jpg    | 0.004  | 0.004  | 0.004   | 0.004  | 0.004  | 0.004  | 0.004  | 0.000  | 84642.000   | 84642.000   | 84642.000   | 84642.000   |
| 2     | 0   | 2   | 0   | 0   | 0   | GET    | /image/8814.jpg    | 0.004  | 0.004  | 0.004   | 0.002  | 0.004  | 0.004  | 0.004  | 0.002  | 104317.000  | 104317.000  | 208634.000  | 104317.000  |
| 2     | 0   | 2   | 0   | 0   | 0   | GET    | /image/9990.jpg    | 0.004  | 0.004  | 0.004   | 0.002  | 0.004  | 0.004  | 0.004  | 0.002  | 102455.000  | 102456.000  | 204911.000  | 102455.500  |
| 1     | 0   | 1   | 0   | 0   | 0   | GET    | /image/5174.jpg    | 0.004  | 0.004  | 0.004   | 0.004  | 0.004  | 0.004  | 0.004  | 0.000  | 40081.000   | 40081.000   | 40081.000   | 40081.000   |
| 1     | 0   | 1   | 0   | 0   | 0   | GET    | /image/7700.jpg    | 0.004  | 0.004  | 0.004   | 0.004  | 0.004  | 0.004  | 0.004  | 0.000  | 149437.000  | 149437.000  | 149437.000  | 149437.000  |
| 1     | 0   | 1   | 0   | 0   | 0   | GET    | /image/7426.jpg    | 0.004  | 0.004  | 0.004   | 0.004  | 0.004  | 0.004  | 0.004  | 0.000  | 95971.000   | 95971.000   | 95971.000   | 95971.000   |
| 1     | 0   | 1   | 0   | 0   | 0   | GET    | /image/6941.jpg    | 0.000  | 0.000  | 0.000   | 0.000  | 0.000  | 0.000  | 0.000  | 0.000  | 70824.000   | 70824.000   | 70824.000   | 70824.000   |
| 1     | 0   | 1   | 0   | 0   | 0   | GET    | /image/7902.jpg    | 0.000  | 0.000  | 0.000   | 0.000  | 0.000  | 0.000  | 0.000  | 0.000  | 90133.000   | 90133.000   | 90133.000   | 90133.000   |
| 1     | 0   | 0   | 1   | 0   | 0   | GET    | /logout            | 0.000  | 0.000  | 0.000   | 0.000  | 0.000  | 0.000  | 0.000  | 0.000  | 24.000      | 24.000      | 24.000      | 24.000      |
| 2     | 0   | 2   | 0   | 0   | 0   | GET    | /image/9986.jpg    | 0.000  | 0.000  | 0.000   | 0.000  | 0.000  | 0.000  | 0.000  | 0.000  | 86716.000   | 86731.000   | 173447.000  | 86723.500   |
| 1     | 0   | 1   | 0   | 0   | 0   | GET    | /image/4806.jpg    | 0.000  | 0.000  | 0.000   | 0.000  | 0.000  | 0.000  | 0.000  | 0.000  | 141435.000  | 141435.000  | 141435.000  | 141435.000  |
| 2     | 0   | 2   | 0   | 0   | 0   | GET    | /image/9994.jpg    | 0.000  | 0.000  | 0.000   | 0.000  | 0.000  | 0.000  | 0.000  | 0.000  | 105239.000  | 105277.000  | 210516.000  | 105258.000  |
| 2     | 0   | 2   | 0   | 0   | 0   | GET    | /image/9995.jpg    | 0.000  | 0.000  | 0.000   | 0.000  | 0.000  | 0.000  | 0.000  | 0.000  | 123489.000  | 123489.000  | 246978.000  | 123489.000  |
| 2     | 0   | 2   | 0   | 0   | 0   | GET    | /image/9996.jpg    | 0.000  | 0.000  | 0.000   | 0.000  | 0.000  | 0.000  | 0.000  | 0.000  | 375210.000  | 375224.000  | 750434.000  | 375217.000  |
| 2     | 0   | 2   | 0   | 0   | 0   | GET    | /image/9997.jpg    | 0.000  | 0.000  | 0.000   | 0.000  | 0.000  | 0.000  | 0.000  | 0.000  | 176600.000  | 176607.000  | 353207.000  | 176603.500  |
| 2     | 0   | 2   | 0   | 0   | 0   | GET    | /image/9989.jpg    | 0.000  | 0.000  | 0.000   | 0.000  | 0.000  | 0.000  | 0.000  | 0.000  | 107583.000  | 107584.000  | 215167.000  | 107583.500  |
| 1     | 0   | 1   | 0   | 0   | 0   | GET    | /image/8054.jpg    | 0.000  | 0.000  | 0.000   | 0.000  | 0.000  | 0.000  | 0.000  | 0.000  | 51650.000   | 51650.000   | 51650.000   | 51650.000   |
| 2     | 0   | 2   | 0   | 0   | 0   | GET    | /image/9987.jpg    | 0.000  | 0.000  | 0.000   | 0.000  | 0.000  | 0.000  | 0.000  | 0.000  | 367791.000  | 367792.000  | 735583.000  | 367791.500  |
| 3     | 0   | 3   | 0   | 0   | 0   | GET    | /image/10011.jpg   | 0.000  | 0.000  | 0.000   | 0.000  | 0.000  | 0.000  | 0.000  | 0.000  | 108565.000  | 108573.000  | 325704.000  | 108568.000  |
| 2     | 0   | 2   | 0   | 0   | 0   | GET    | /image/9993.jpg    | 0.000  | 0.000  | 0.000   | 0.000  | 0.000  | 0.000  | 0.000  | 0.000  | 85631.000   | 85638.000   | 171269.000  | 85634.500   |
| 1     | 0   | 1   | 0   | 0   | 0   | GET    | /image/4860.jpg    | 0.000  | 0.000  | 0.000   | 0.000  | 0.000  | 0.000  | 0.000  | 0.000  | 68918.000   | 68918.000   | 68918.000   | 68918.000   |
| 2     | 0   | 2   | 0   | 0   | 0   | GET    | /image/9985.jpg    | 0.000  | 0.000  | 0.000   | 0.000  | 0.000  | 0.000  | 0.000  | 0.000  | 83356.000   | 83363.000   | 166719.000  | 83359.500   |
| 2     | 0   | 2   | 0   | 0   | 0   | GET    | /image/9983.jpg    | 0.000  | 0.000  | 0.000   | 0.000  | 0.000  | 0.000  | 0.000  | 0.000  | 98174.000   | 98197.000   | 196371.000  | 98185.500   |
| 1     | 0   | 1   | 0   | 0   | 0   | GET    | /image/2474.jpg    | 0.000  | 0.000  | 0.000   | 0.000  | 0.000  | 0.000  | 0.000  | 0.000  | 101539.000  | 101539.000  | 101539.000  | 101539.000  |
| 2     | 0   | 2   | 0   | 0   | 0   | GET    | /image/9999.jpg    | 0.000  | 0.000  | 0.000   | 0.000  | 0.000  | 0.000  | 0.000  | 0.000  | 90013.000   | 90020.000   | 180033.000  | 90016.500   |
| 1     | 0   | 1   | 0   | 0   | 0   | GET    | /image/5161.jpg    | 0.000  | 0.000  | 0.000   | 0.000  | 0.000  | 0.000  | 0.000  | 0.000  | 62662.000   | 62662.000   | 62662.000   | 62662.000   |
| 10    | 0   | 10  | 0   | 0   | 0   | GET    | /css/style.css     | 0.000  | 0.000  | 0.000   | 0.000  | 0.000  | 0.000  | 0.000  | 0.000  | 1549.000    | 1549.000    | 15490.000   | 1549.000    |
| 10    | 0   | 10  | 0   | 0   | 0   | GET    | /js/main.js        | 0.000  | 0.000  | 0.000   | 0.000  | 0.000  | 0.000  | 0.000  | 0.000  | 1824.000    | 1824.000    | 18240.000   | 1824.000    |
| 10    | 0   | 10  | 0   | 0   | 0   | GET    | /js/timeago.min.js | 0.000  | 0.000  | 0.000   | 0.000  | 0.000  | 0.000  | 0.000  | 0.000  | 1915.000    | 1915.000    | 19150.000   | 1915.000    |
| 2     | 0   | 2   | 0   | 0   | 0   | GET    | /image/9981.jpg    | 0.000  | 0.000  | 0.000   | 0.000  | 0.000  | 0.000  | 0.000  | 0.000  | 81479.000   | 81486.000   | 162965.000  | 81482.500   |
| 1     | 0   | 0   | 0   | 1   | 0   | GET    | /admin/banned      | 0.000  | 0.000  | 0.000   | 0.000  | 0.000  | 0.000  | 0.000  | 0.000  | 0.000       | 0.000       | 0.000       | 0.000       |
| 2     | 0   | 2   | 0   | 0   | 0   | GET    | /image/9991.jpg    | 0.000  | 0.000  | 0.000   | 0.000  | 0.000  | 0.000  | 0.000  | 0.000  | 153637.000  | 153637.000  | 307274.000  | 153637.000  |
+-------+-----+-----+-----+-----+-----+--------+--------------------+--------+--------+---------+--------+--------+--------+--------+--------+-------------+-------------+-------------+-------------+
